name :	sphere3D
data :	[-119.16723327394293 -53.62812276795274 112.72937205495543; -117.50889464707492 -52.534651274483586 112.60786939710187; -119.36607195931224 -51.579616603801455 111.12041653210964; -119.1139997726089 -52.39392193814063 113.31489669133258; -117.23231622490991 -52.61312833661738 110.1428066346562; -116.37269114333859 -52.815404287349494 112.28559015012944; -103.355366039988 -42.15091248274905 120.394638123368; -129.40340789430593 -51.15350201787739 117.92685665876465; -114.51165634386047 -51.42606200307012 110.99202641284151; -133.10979045928715 -60.394243395711314 95.4377450527901; -114.23547149317814 -49.573801045038614 113.37247271994417; -115.23495629478602 -50.84150571722655 111.49315604556887; -119.30253327242143 -54.71697845119743 96.08997473090314; -114.80277208210684 -49.34156512429907 113.8817271531458; -129.67069512503866 -45.36049041385235 132.90917481633065; -102.74977970754931 -63.66794707128256 90.25042588226025; -112.24282841077336 -50.88875883905676 112.12454931001865; -123.2030848065881 -42.11094491918901 120.2397296105986; -110.47988097223704 -49.21288206478653 111.5527763671229; -111.87556934237804 -47.55722595727913 110.50891833764418; -97.93809875586045 -52.34220021997515 133.40842919674577; -111.14463388821805 -49.99018863499187 111.48513484232362; -111.31325056114287 -48.145525568005056 112.63983054825229; -110.20508764900421 -48.96459346632298 111.7543428644146; -104.00962832405317 -64.9293299301302 99.6245272621588; -110.12786889987353 -49.649603391764174 111.65697841022137; -119.34157153858791 -56.19423807479511 119.37132782033748; -108.7946900626486 -48.30211094889757 113.28521059088195; -111.22089706926646 -46.036196532470505 129.45454626521922; -109.80945506085568 -48.524892619322635 111.82946924024628; -108.45010716324767 -47.20297799857211 111.51136728731088; -107.36339194180634 -46.87042916772852 112.75742611255004; -106.92366159412518 -47.635341802090984 112.74691582997913; -108.43655797184672 -38.06790007669557 103.36647989375606; -108.34430189771483 -47.45199586480032 110.47701754031112; -106.65627407021739 -46.601305601209795 111.9757789974889; -106.89114331945667 -46.71851271210576 111.2082981082159; -106.28441220880835 -46.2078029545684 110.08332549675278; -106.8172374711749 -45.036887889492554 110.57802391005004; -106.59764583106377 -47.97066807402235 109.6776057615706; -104.74229940305887 -46.63686681037948 113.43384247207196; -104.72811597578317 -45.39007597798999 112.35621507896084; -106.6308252048065 -45.554104373679344 111.53835461120536; -106.13361394845857 -45.59264236270021 111.45463015570785; -95.90993161121919 -49.90877211599749 99.16401829971527; -95.80839336505151 -41.615736401485 98.49489038125085; -103.75560364420024 -43.16551619264388 110.520365690017; -118.4729012755697 -40.50227347133684 111.66739477622718; -102.89453048580516 -41.22078693087246 111.11876025490416; -104.41253651407132 -41.22182322637104 107.73191296098165; -103.18669718015681 -42.505489245915015 109.97960190903964; -103.40939695869545 -50.52339430287342 102.27486815174798; -103.08837486605738 -41.26446812561108 109.9001248470055; -86.36815752873676 -35.70953389501333 85.54987144582223; -103.0134396808531 -39.946035717091405 111.30373966194479; -104.23649154612963 -41.74154128526421 109.73993830902377; -102.40601115429145 -40.65910564408348 107.83572581283309; -101.90510048279475 -39.44021768242565 107.24761518993203; -102.3474502168717 -39.040234670703704 108.73898359791674; -91.2400809649314 -43.44532583473098 107.32537202762292; -102.97408943353939 -36.91927288009908 109.91785716719264; -100.81836723377333 -36.848581546481725 109.3657089915725; -103.2816017698304 -37.11274022041877 108.21371141982856; -102.61528909645533 -35.65402795614517 107.19164083794648; -102.80876383564497 -37.33765844491216 108.40204924583375; -98.56594284805394 -25.026099175915046 93.01688138288371; -109.39963545351308 -31.31778038266261 116.95719353084124; -102.85099161777617 -35.96336813118995 110.38256180332932; -90.49187931231455 -16.524343533233093 118.54629308857108; -103.85243430414786 -34.864423771577236 105.76686977595817; -100.59353163778962 -32.62603822885416 106.55736453102874; -101.72297990101659 -33.06848093015852 106.98160681573874; -99.41582131619329 -36.31834062750431 97.28362738409712; -103.027795409341 -32.0757911189262 108.52386904091259; -102.57539276238455 -32.114728220487436 105.4180053099163; -105.09586929844528 -34.57009799164819 111.18460838570456; -101.38305248915175 -31.702671650656605 106.92170788993796; -101.96760627864298 -30.603049257482187 107.28069592487844; -101.08015876380261 -30.35769680910885 105.51139416493747; -102.29224492446114 -27.885120228524098 105.3297257799011; -106.22396138058902 -23.288213522988173 111.82451279223018; -101.9534622118343 -27.483496710075084 105.95897682251557; -112.40344834222698 -39.98788612262032 83.9138606587318; -103.88989600314656 -26.89718393584695 105.17856638753068; -101.93275566052138 -27.428391482119633 105.65477499963079; -103.24087092284937 -26.433754112916123 104.36996248142488; -103.87700029155262 -27.19686275458854 104.64449988587307; -102.51771596665391 -26.059663014573026 104.0687040403866; -102.05103781713565 -25.733768803378307 104.93950854403258; -103.8879631999202 -25.155766666151248 104.95966867940518; -103.9158514132278 -23.351476527614366 104.14091029842692; -101.98310088965219 -24.77958485438248 103.3134463103364; -102.63880936424734 -25.05614951710006 103.37592519048835; -111.83689179335985 -30.622356516924448 113.32344226070796; -100.69426915235678 -11.756202180651606 100.37706411739896; -105.24727935778336 -22.56304039179522 104.2368725657739; -100.41413658930585 -24.404881628271546 109.98028816392696; -98.04800097287368 -37.6665821748649 92.79711785331814; -105.42788928996609 -22.465513953488482 103.98636981109067; -106.58578293964484 -23.230731279272398 112.53952641688167; -104.14726656296851 -21.928036413333885 104.44473306162331; -104.93337385358076 -17.915245446558963 101.68682878685631; -104.96826733117348 -18.0748591244242 102.33885016527469; -107.00941703346054 -18.969821053694325 102.44363872766789; -103.428207051777 -18.538924345186665 101.32202352328015; -105.60096860159695 -19.682950364970765 101.78043907254047; -111.99749264429357 -18.00248898001048 109.7004779479242; -112.1708069437216 -11.840167233155412 109.99327265463609; -108.96145466514108 -17.281721477606123 100.36649448275136; -120.38611223699256 4.95008259993428 87.65593185464893; -106.68989385222265 -15.80083293892741 98.51333933731318; -108.90350232374227 -15.51760252343776 99.34705245655553; -101.16229362718913 -9.205568764734776 92.80143239832573; -108.18926399193408 -15.889652333643472 99.5920836589352; -108.54248676363133 -14.813710557742523 98.3751290515574; -108.83217036973446 -14.48769152226004 99.71251560155288; -115.69596430484614 -22.50297327127806 104.31101370933492; -111.1893330755214 -13.691510341930751 97.62864527223903; -106.36444714641875 -8.017035901339739 86.11092831685914; -110.71226451956488 -13.408454941023518 97.87424916967528; -112.85787314488259 -14.542207504592334 115.27485277854643; -116.27134689104432 -9.843242845966177 96.66082376097371; -112.68442113488483 -16.742560780318055 116.6004981761304; -112.54128610943437 -11.702860827973508 96.7104069910529; -113.71885749168251 -11.752438946211056 96.11466672603487; -113.57630022330453 -12.719579977843706 96.84944667457894; -114.98390936571317 -9.124008317400712 98.55710795422767; -112.80593043391441 -9.424714441736814 97.51384477106258; -114.937512101016 -11.143305193708196 94.63180667371086; -126.9379932374036 -21.068237476673026 90.99573153577647; -124.50783122046292 0.008526090368487615 109.25138767671646; -98.24458405099956 -1.3591260033005153 93.7017250139801; -117.5138135585306 -8.872039167774707 94.41719549348964; -110.87710779143559 -13.753926993946598 102.77117002552745; -118.60332059770762 -8.84470019505764 94.74740501758225; -117.12471596939358 -7.504241463383096 94.53209668716453; -131.71204816213216 -1.364402484614188 93.90042824199095; -119.32562013772704 -8.1022167643036 94.0290919758219; -123.99092773422082 -22.630197345126465 89.95864839377016; -120.68108622697824 -8.152337817872949 94.89254921361729; -121.8559753455819 -7.521355723471034 93.15483476367204; -121.82458576175252 -6.446980288260789 93.00789082492028; -122.20459740326675 -7.91522892143166 92.32553405623536; -123.31094660129028 -5.95480332519777 92.11925898154685; -121.99804447854642 -5.59821692433838 91.64118094077291; -124.65675263713348 -13.519459368160916 90.55094897149083; -123.11695516254227 -4.806681981629539 90.4293244886535; -125.65549110230063 -4.847638065870452 91.79634259603735; -125.58639102663743 -5.62953853658513 90.62575849252241; -124.63302136934689 -7.534818547958046 91.14478122231631; -141.93636598610624 -4.760250436777175 97.34364900434278; -127.14347736529187 -4.854081474501092 89.78205968205135; -128.194070101724 -4.188706402049689 90.01360865808059; -126.73571038965609 -3.8026573600321423 89.56403056203823; -128.70745705112586 11.512219798708076 76.77573700382942; -129.6694810091675 -1.3450064206812538 95.45353150957176; -131.1920274989236 -3.6448526902797562 88.79072809244234; -129.2053461986597 -2.9975422307882065 88.96818663773665; -136.08249302146584 10.410745295381133 78.70783926298081; -128.74216008799925 -0.8448938705517177 76.00347845694378; -131.83680118170508 -4.279443981911915 89.62664328268959; -132.52178135029283 -18.49126629495998 86.47896842876567; -133.88696746753226 -3.6666748843626142 86.08219238100058; -112.74048823282767 0.8519029025859046 84.50582859668572; -134.55208557594003 -5.1872535216901365 87.46427386575613; -145.8291651829677 -28.176321904198574 99.90287607001281; -135.09698581220425 -3.7268811093763645 85.8367591066582; -154.92949229272986 12.423983502338066 94.78779469828095; -136.13321112896128 -1.962348833953715 87.3113809850887; -139.29979617495908 -2.295845706498852 84.21541338990983; -149.34667845290554 -15.465063379153754 82.92971857025456; -144.5068608727796 -18.99320426742524 82.22711948758017; -139.47667620184012 -4.29619696819786 84.30856862162624; -140.80668306266026 -6.720134372389509 85.1864953182851; -141.8114817355726 -4.361407730412081 83.7560093594223; -141.8474806463726 -5.103713819888826 82.57469633097368; -142.2803609284902 -2.89046566381794 83.49645014333365; -142.52170177684093 -3.559501926518028 82.5820707348093; -144.87018256415055 -6.587256153084679 82.47934028057973; -144.43019630840647 -4.682428956673538 81.83814199933737; -143.27012289811256 -5.1820396697074464 82.18639715863779; -146.24942699829913 -4.037648688666122 72.75808394943118; -142.29069824812015 -18.72026530924828 82.63053826227785; -162.33621711730044 -3.697622149943437 73.78390729437439; -146.59115273445934 -7.165436249763188 81.19331267168049; -153.58277432997102 -14.14903092710777 75.35886998123118; -148.47314478292043 -7.022484763886974 80.87024916610746; -149.71425343262086 -7.892621438316806 78.42599256120023; -150.9765856552165 -8.581743435249484 79.37716685917536; -149.89838626132462 -6.979980020412486 76.76517064550558; -151.30931647650152 -6.042614749919476 79.08467796677822; -129.62501799858384 -24.274929015589137 79.11614542074369; -152.17146159011057 -8.537189020804634 78.41866586936699; -153.39077613841002 -10.145245130989306 78.64714887719487; -154.5204507634304 -10.25051552472393 76.37416659832591; -155.2172139239951 -9.404679151895118 76.95593511451894; -166.04827397717028 -24.993743301712012 83.76523045016366; -154.67557631321878 -7.774273428338454 76.6430482820747; -144.323929690464 -2.4678433700465234 66.83967691988676; -155.11179218117704 -10.025382725962167 76.32892258816311; -157.27465231991337 -11.827308412757233 74.79115918631354; -158.5039457794495 -12.2999904063192 75.57256954126794; -154.21509719599334 -14.373118288258016 75.52527761720265; -157.46813947846715 -11.460528796821581 75.12874066663181; -159.100829155357 -10.169883119436111 72.9995387690947; -168.9109604986682 -3.1719647448790003 70.42765898833487; -160.95613034707156 -13.09896119964868 72.08282050770643; -163.20667441612719 -14.84852208615776 72.02403925908143; -160.88920167663582 -13.39437854974118 72.42234264274761; -161.54140798731927 -14.11235887685272 73.24623049606218; -162.96023529782525 -16.36075676497612 71.45900846505461; -161.6118859636072 -15.265347224117157 70.52327753454988; -162.74378364474137 -14.354229200503775 72.95676479006914; -162.21111592277327 -17.977808196670466 70.93637493866963; -166.7613274806235 -16.601791502937022 72.41860471384665; -164.84753521660187 -16.8844904732106 72.15636109645665; -173.8839697318148 4.634442250387192 69.1767872946507; -167.28934553168077 -19.156929441625643 64.13254495159028; -165.2881895977405 -16.67110175696559 68.52928306284257; -166.75905535934123 -17.731620413406272 69.75268771259066; -167.67234037408744 -20.92464394277423 67.76176724284464; -168.2943866571908 -22.12753674662965 69.77478359422672; -167.91861803282427 -20.667169776726713 66.87261345972146; -170.50498615893977 -22.48033000148613 67.50262971817943; -168.9894189228036 -22.170524780356747 68.40075535732136; -169.23160806344904 -23.275507672867505 66.23038343113781; -170.27107994424807 -22.629308801433844 68.03875274681388; -177.19738394302684 -9.37132998713616 60.265734543346916; -172.62021063371267 -19.578928296652286 71.75326731785243; -168.37240726499118 -10.176271725251095 68.37100450371209; -173.50347861846498 -22.490408582376038 68.79097484344464; -171.53127818175972 -25.48444370914094 65.41214825057708; -178.692686838422 -30.77039689911196 62.94588432951288; -174.93720806731423 -25.46692735963661 64.87506446562821; -163.3782869795539 -18.628187853668077 69.81335904728364; -174.08721700390456 -26.334010562211308 64.47522302401774; -174.5872688434818 -28.238770897950303 62.9784758800735; -175.36389573487537 -28.211937671746565 62.37604346092829; -178.82924728788214 -18.188783338947356 69.67246461101823; -174.95414391809192 -30.248728972107433 62.2330411349163; -175.8167189431754 -30.78517453931286 63.943142649522; -175.47841450240327 -31.215233959106303 60.7778626830255; -179.8766916157162 -30.09810788099399 70.72427583808086; -178.5900475207703 -23.16619000580822 54.696592986011886; -175.70475330687597 -34.934251001109615 60.725547449031424; -153.2016011269903 -35.32728349709213 46.27256083723511; -176.1862675515958 -33.76528750437344 58.53207782782085; -177.43940952492557 -34.69133409569238 61.04530252037415; -176.8815592796544 -36.96682294146394 57.532295763967255; -177.57478598228275 -36.85969683874844 61.232729739343135; -177.091415274983 -38.02356785779098 58.92332568880735; -177.6186439054819 -38.34801883244149 59.49734898728695; -178.54142585083682 -38.54874203037535 55.14635977634412; -176.6721163559464 -39.00816120530356 58.701790856792385; -178.89572061891852 -37.4795754792418 57.185741791402414; -181.00933669342692 -34.00327786099602 54.72194998956281; -179.12380799768255 -41.539525950035376 57.064280362223094; -171.72607520668052 -53.85863998068659 73.49971262785915; -177.14159402397522 -43.863663086545074 57.83295817105527; -177.77037954135022 -42.11667230297354 56.25056103818116; -189.5991312314649 -48.717652192645474 69.66720540991724; -178.04209986575555 -45.57827369347974 54.998973424200734; -179.49752396390434 -45.33805906203179 55.09874951803784; -178.6653928776712 -48.005554074318695 52.97344035323904; -182.2786956571496 -61.759624548546924 68.9588173175058; -180.94780762684832 -45.933862005384 52.215243667072286; -180.14420578656063 -48.16293537940717 52.900173427012625; -178.65138265313325 -47.94583893937129 51.374065434739165; -180.2855755959155 -49.18733852985287 51.98689364623943; -178.3530043200144 -51.54244713509117 52.134360473185794; -171.12990333261956 -49.34383997981985 49.812124016212884; -181.61735679571316 -51.179606558087386 51.63888176753877; -178.37014725272968 -51.82831786863959 49.27172186239373; -177.89325411966158 -53.333111517355945 49.97776685293377; -178.10456632369988 -54.12600302094079 49.27548028471005; -170.02276150749617 -60.75883402174504 49.31080662182437; -179.26371254976246 -55.523719301248036 49.401347471590476; -177.28215234712144 -56.023275602446354 48.69576043609596; -178.3238561559032 -56.85685781091025 48.84943472114368; -178.20209311568374 -59.278098439071336 48.32778034920043; -179.08027480934567 -58.16691075115299 48.10597018637893; -177.5574415058878 -58.80429243473712 47.46876028857115; -179.79328245085196 -60.050667172159315 46.67356108589955; -178.94120280718582 -59.67259773677843 46.80054406871887; -178.83513969216145 -61.66646462103516 46.43854471039064; -177.26597596712313 -62.325985825601414 47.17301038747207; -178.68381125438535 -62.40746269745859 44.92989558947607; -177.98100512042527 -63.45310414495079 44.95543341845658; -183.82153259103598 -52.5757264434241 61.882596468830954; -176.70911400979776 -62.94260139002263 45.24290771734549; -169.66024831850694 -76.60839485220912 47.884122996217684; -190.93748717189132 -64.64988212642423 51.70949761222703; -175.0621749466049 -67.17357443802432 44.493172828022296; -175.71207883602483 -68.8037564371697 44.919596316230745; -177.67115674500317 -68.71359220223799 43.413143221362766; -174.56256439761944 -68.06660410086151 43.39140313881541; -176.82737294545362 -69.27519480868936 42.766609058832906; -176.95997222209454 -62.74959278809925 47.576468436718386; -176.18604713132936 -69.66634190354502 41.47467746070747; -174.18263365977614 -71.96491598762104 42.431377985116946; -174.58144106042997 -73.43126902217337 39.2125405433606; -174.63419829959554 -71.84085285575284 41.36021049473965; -161.7261400024919 -72.99326672946441 39.9935090908388; -174.25686287076977 -73.74373639985647 41.089088052539026; -176.6710349379685 -80.03682502075394 51.26847445923863; -187.2345423452533 -76.16076894504413 41.66336942961315; -173.3496102032734 -74.4607984471154 38.92348557109671; -177.18498711445852 -67.07682957216925 43.03932423229627; -170.9273844260879 -69.10358796171342 36.077850008717526; -165.8210842382482 -84.01014735388324 25.096000795450834; -171.47294317756123 -77.79986458004316 37.33102714325669; -170.9364185129476 -78.51582991647155 36.63803432896489; -170.497177931488 -80.26419173599872 34.81537238642185; -169.98691513881326 -78.82731862273575 37.12708417986145; -170.72890846958077 -79.2402300701271 35.41606972391533; -170.13545004020176 -80.18451685865665 34.52625602037813; -168.65952136839115 -83.22374293829974 34.0702607188139; -169.6066994365008 -83.92647173585631 35.76799884632641; -169.65978246881426 -76.65134589504656 18.61232321400524; -162.37855904216826 -90.01648178812653 34.21230466743428; -170.15787414795594 -90.85918450597602 37.31079743989457; -166.9616381763533 -83.3913627701249 32.36171661523742; -164.27707147389117 -83.74266510748215 34.961924266505285; -162.86071653414098 -86.61692457914135 33.95507051596688; -167.2690997825907 -84.54187013778579 32.390520982596854; -164.36444795945164 -85.7093399413238 33.56250322417711; -164.95660356129554 -87.2161004018361 32.276895371819904; -164.66964055646997 -88.0791340377747 31.96976392811721; -161.49897387299075 -109.49333682816058 16.32112460861862; -162.3395661030738 -88.13837712239848 31.481173615229892; -163.18601611764387 -88.35943660061601 31.716574665936893; -165.1371818500414 -90.62864141702894 27.47163217536092; -182.43731872035323 -88.36269753538032 13.258653998999478; -150.80226772468237 -93.46260464351127 32.88479745246031; -165.32183523228284 -90.0556084861775 41.80773359116789; -160.41096215349074 -89.49519587878795 28.69106952479676; -160.05949065108678 -91.8548601351481 27.260456078096645; -158.40242916698236 -91.87172067921665 27.699464085788776; -156.62959356529743 -90.90867082147726 26.70618971984905; -171.47165997517007 -78.05630915286079 12.924749356987402; -155.03675189429538 -103.74580676893802 25.476473435995263; -153.99894806903964 -88.26956694194912 10.546826070907773; -155.375365609301 -92.37234933644203 26.153128748693096; -156.81313872169247 -94.35757601783001 27.097483437030156; -164.09485879738915 -108.88556863469262 34.2645673266153; -153.84673501125562 -92.56391397155487 26.997400447153563; -153.4524755787979 -94.4761769946217 25.539198844505137; -156.53978708313906 -95.72589645219712 19.298840402500254; -153.70788299241917 -95.77830019490429 23.25514462043396; -152.55955448407173 -95.31710341019797 21.9615407823862; -146.35086033389175 -89.44021483761499 22.244021052344664; -162.14906239648508 -89.2221497708212 21.613137499958547; -149.52796613317162 -95.24292209592738 23.165475994748938; -148.1768859639819 -96.07601769320651 23.23792380939452; -148.2713792035407 -95.17264029713911 22.889796539229785; -149.50411263807501 -96.83321148319328 21.06865284598723; -147.1771589757045 -97.16335362325293 20.86644947280247; -145.34141167440757 -117.93735162378054 35.965069381962465; -146.86214030622946 -97.12535789050845 20.72762883477073; -146.4889071234049 -97.7323846450849 22.0635226469053; -147.12778104200152 -97.17772795437511 19.98817356386939; -142.82039213884732 -97.29126976538598 21.333546382305233; -142.45869685103156 -97.17441214087577 19.055171664464428; -144.62615728678347 -96.30847998336021 19.398903754113533; -142.97582632260267 -98.18579527920328 18.957326138212863; -123.47446420398303 -79.1856118283635 24.59065551060203; -145.23491682538003 -95.2468460130964 24.84596706289656; -140.2904122988997 -98.92460023150471 17.736712972136907; -140.1896466858161 -97.53334963412186 17.786388036741705; -138.77345183720047 -96.74463066179239 19.027359148841526; -137.73298337241377 -99.14123248735065 18.41322794593225; -141.24005220188178 -97.2869243698773 1.2169804008041325; -130.54594619344076 -94.94385264249956 15.665118933423354; -137.8188404202029 -98.75959607998087 17.38348074593334; -138.31108109806735 -97.81909510986104 18.132651410092386; -144.59993957851714 -95.19360504332342 22.54981563560831; -136.86164383654946 -100.29896111503182 16.413172790236775; -133.31760260112833 -99.59318879635141 16.637015851935793; -133.87471132267663 -100.23533893328744 15.86960259771718; -131.21213944875703 -97.49621568065803 16.102995903706624; -131.88831068692687 -98.75401794464128 14.289620625023847; -133.34129589541809 -97.74412843576924 14.519719836863699; -131.83149302513914 -97.39749963506539 15.08456989198021; -131.10457948161792 -97.50569184265244 14.56296529325269; -117.87396449938909 -101.10473296757196 11.814798723497585; -129.92333945747717 -97.54329253811979 14.187362233923563; -129.21086735080024 -98.58053862401493 13.83274375341844; -155.64086587409176 -95.45485480885178 20.237190816963484; -140.35421706053387 -84.80717234725188 4.16225259638988; -123.80053171970887 -109.3685157851938 -18.249203906703322; -127.49592833570733 -97.8496202142768 12.918785266376545; -131.32743404676626 -98.9413778451803 4.737735302480263; -123.8564279184938 -98.65801330954879 12.678135508511017; -124.2570706165953 -89.89442467112862 3.9181798592869184; -123.49997907004814 -95.30773004613913 10.113456007148711; -121.1909436099244 -104.06695872002655 0.44776176944355406; -122.48386531807958 -96.03992254394736 10.214002726112648; -125.69622420966542 -95.72181429751798 12.066416836922947; -120.77460912228061 -96.10717640653677 10.64189463048292; -130.6404244778692 -113.03816261800122 10.150945671832734; -119.62909546504793 -94.77135850118617 7.352953746241832; -120.21029773941953 -96.13906061361614 7.99386781286973; -120.97169444300414 -95.46505101904295 8.169619513274755; -119.08197823616187 -95.98779504873633 8.732956042888292; -117.8482591165488 -95.23098718886453 9.469061063813506; -118.57117762546794 -94.60852983174804 7.302484560022484; -119.42627688485393 -95.00516282949204 7.0386207963328875; -117.661115331393 -93.33866538744226 8.431074298872227; -110.9334086599903 -85.81527474654939 2.623310518827455; -116.37416504679246 -93.3009382518399 7.369781856049856; -115.61813833013137 -93.4319923214677 7.714340031554854; -117.98182882208981 -93.48501853508918 5.710910008027813; -118.3235077623929 -101.05738992232794 22.689729076468534; -114.18950424630634 -91.85231279338984 7.201040461761498; -114.18742820398674 -90.95360266077915 6.094245898239678; -96.97676414156344 -104.14759270869513 -7.390719819151382; -111.53621459619569 -90.50554449345414 4.776032072052707; -119.69939178601027 -93.3344816262152 12.723622329362048; -111.8694557548838 -90.94953318919879 4.722356805229018; -112.270003587382 -92.50837847221732 6.569189901716367; -104.16214636864132 -88.89328824261807 7.260860168194536; -108.60315394389782 -84.22489866503771 3.9487327173341997; -111.76084586847207 -88.28669540222764 4.097952632415862; -111.82611562791351 -91.12618972657512 4.120279041811321; -112.248503721111 -88.44420530794824 3.6914393088503457; -110.05866422383927 -89.67052005657867 5.359457002446706; -110.01443731296207 -86.54633667469624 2.7812044300572416; -105.86864485823835 -105.51280911442836 -4.627753518411939; -107.43190453695334 -86.76956324856405 3.27482576891387; -107.54527800915947 -86.87427810755965 3.314745861969621; -110.06248883188185 -86.84806971057108 2.279241630481855; -105.3208706264067 -85.30851352460803 1.3393446387806802; -103.40621653993401 -95.2015941915008 -13.584669237606585; -105.88998033760207 -90.14700333474292 5.301223619545514; -108.12923367597186 -84.47057451284543 2.39957926085132; -97.2819883107263 -86.8265002864276 -2.3485816899184773; -106.75358866021763 -83.75163872031345 0.5701620849947951; -105.95823088139365 -84.44721684812227 0.45513653009880206; -106.5202836896135 -82.71341416721313 2.3141774761843936; -105.01056467934093 -83.57155253406559 0.7171772717110331; -102.80306255212403 -82.16702901166481 -0.665463116574492; -105.5708459425013 -80.00869663816017 -0.22199349244657357; -104.85934849407657 -81.12426582267743 -1.4022366018932797; -105.44642736596084 -82.00094516167145 1.1992457011986852; -104.80919185591557 -80.21844940043427 -12.882451773372082; -105.17250335072121 -67.31033250837156 -7.543596624289197; -103.95753254463489 -79.4854780339182 -0.33731967355094833; -105.0418568752776 -77.86694200814442 -2.566959220954229; -104.55685888894497 -77.95700548194597 0.1970605681093871; -102.63530741323963 -78.0309011188613 0.5936948290041892; -104.56496388901593 -77.16087970219249 -1.3254223401214666; -104.24797659795148 -77.17398140843764 -1.6466408158088173; -103.53908266168044 -78.08734907413775 0.060366581194282176; -101.74311434396039 -75.28376862245612 -3.4880485629790456; -105.24039253097703 -83.39571079892667 7.058337172539527; -113.21981346543484 -76.58982194794815 5.60460588851635; -102.57787518249052 -75.58994128013731 -2.571596672827163; -104.09685883662056 -74.91006296279099 -2.6488452259590303; -101.00838785394039 -74.66504589793082 -2.5758381789408347; -101.41441017447575 -74.505255852757 -2.5721309468067637; -99.00910983683791 -74.23934735707789 -12.80998060072849; -101.26036289025866 -74.36607548702133 -2.7367109732972272; -97.04514243643679 -62.38588020249627 -11.660499087844428; -93.27677607522254 -64.65573659110058 4.515109245708469; -103.13543977041702 -70.68399662075521 -4.647618919321045; -101.33967855607595 -71.69509097492373 -2.633785366699432; -106.93181348988185 -74.26142329431426 -38.0280072510574; -102.49179555227603 -70.46933210356262 -3.035756671247898; -103.42137288002688 -68.85505099458965 -2.8412358943079816; -119.16237233629468 -50.71549013954481 -19.861063292822525; -91.64738744721085 -77.10216505868709 5.802992291146391; -102.87434238461898 -69.25547930595002 -6.609076983484133; -101.37231599547358 -67.46945651194865 -4.403902797845408; -103.11953093108927 -67.46447298311374 -5.5006739159559785; -102.4430954428951 -66.16094068224 -5.859518265222032; -111.60952398830716 -57.19456511878169 -6.740741026648438; -102.9733431179584 -66.61916834623842 -5.473340616012236; -102.18066896006255 -64.74281850153456 -6.340000476422996; -101.43891309372627 -65.76474657995004 -6.264632327259785; -102.83419421767049 -65.99378980160726 -5.2362137326589755; -102.88605434078853 -64.53183860974106 -7.1308015879425195; -108.50534004020558 -67.31757855613257 -9.100630178318708; -113.47385288221982 -66.20128129973025 5.742140658183526; -100.84791729755462 -63.403809588742256 -6.630444008831657; -103.00621151122573 -62.930618469871455 -7.413604831213788; -102.69793257713705 -62.28225542364284 -6.646362105665063; -103.04277037958317 -61.889187298091876 -6.721679931657162; -103.43298385118173 -62.53675675298125 -6.876908754788659; -104.40068946005974 -63.35913384441174 -8.487280768658964; -103.42747738378284 -61.49730651484592 -5.948434428079767; -109.44306603291126 -45.42565945933467 -2.5485769671979552; -103.89446728874653 -57.696201822851116 -13.859964653257286; -105.08001340996795 -61.271074042024736 -8.01488825436789; -106.00050436803637 -61.287969772394284 -5.418065257697682; -106.00348294838696 -56.49949008996802 2.5477404716825953; -104.96909564168398 -59.52916437191625 -7.738809708740517; -103.23808952148013 -59.80215038335597 -5.403308588888176; -107.26782053617453 -57.66961317878169 -7.454151498819745; -102.95159356984904 -58.98257317856177 -7.493827285493184; -104.7393449390651 -59.608133573687915 -7.9591876373293875; -106.35544949925742 -58.94865848460738 -7.102148347581558; -99.15304693761657 -43.30542024126801 -5.354129738695234; -107.94594609382486 -56.00240655480935 -7.668479400905933; -97.03368395747432 -66.83659754286768 2.3542155893213046; -119.64046154459928 -48.80129785411295 -18.732316608817833; -106.32111501770906 -56.52078251940253 -9.018738969763616; -107.78218736364516 -57.48280912470565 -8.63316234292795; -107.95993289162219 -55.7225846383096 -7.6761290463347; -107.0116718367742 -56.666025163573636 -20.23607940044432; -115.55291632653518 -62.82069838451282 -15.171242557862438; -108.49948274235038 -55.185982483651706 -8.591622683071874; -110.28597274788042 -54.93054462754907 -10.540791189911646; -108.85117230703263 -54.811892797346076 -8.96030644918363; -110.48424492007285 -54.61676283056318 -6.798177833871643; -110.59584610954116 -55.575663609320074 -8.149540511153875; -107.77432074909734 -53.8700625191157 -8.024311502958358; -129.77115956705296 -68.20643035218882 -11.920263904216087; -108.39711927717475 -51.86138386104196 -6.988908178610211; -96.37846705449914 -45.213087923655124 16.339294435752386; -113.76820919978509 -52.16622960195352 -8.284436839376795; -110.77081575144197 -53.31073478115113 -9.707849584606073; -121.51254548192836 -50.076451427306615 -7.9279901196490865; -119.26394588070647 -40.06203000167574 -11.387545358181098; -103.77836607753734 -67.84955139314994 -5.921678777226251; -113.27408173767186 -52.61833462806636 -8.78990689545645; -105.24047075969666 -51.607419777664774 -1.9522039610412785; -121.53601349313844 -55.96272383627819 -0.6262423525630592; -111.93040283248448 -44.71013672171907 -8.049022196258203; -113.87762716667488 -50.22527020107959 -10.589042492381072; -114.60213165864816 -50.60351132342553 -10.716743214774676; -117.52878763238796 -53.23864057259126 -9.324176130818044; -116.77115657013836 -51.711993256127116 -9.092324609976348; -120.99090562214792 -47.156701762791805 7.047122208065048; -116.39086712695277 -52.04214284811023 -10.374407816215811; -122.00432255114129 -43.94352447889136 -18.049301446099644; -134.23992991037215 -58.27608761239636 4.037514979834842; -115.8942483286032 -50.687317622767885 -9.37820941141482; -117.02938966350538 -52.723760977185506 -10.1932277044461; -117.33152570586203 -52.24015174078729 -9.10600495698838; -118.01318813539355 -52.51893959452793 -9.25736911520367; -119.38535014837325 -50.175541329535 -9.321188812655631]
npts :	541
nout :	167
model :	(x,t) -> (x[1]-t[1])^2 + (x[2]-t[2])^2 +(x[3]-t[3])^2 - t[4]^2
dim :	4
cluster :	false
noise :	true
solution :	[-118.5, -51.4, 51.4, 61.0]
description :	[[-118.5, -51.4, 51.4, 61.0], [-118.5, -51.4, 51.4, 61.0]]
